## 样本的输入层的数目: ##
3
## 样本的隐含层的数目: ##
20
## 样本的输出层的数目: ##
1
## 训练网络所采用的神经网络算法: ##
0
## 网络中使用的函数的索引值: ##
2
## 输入层到隐含层的权值矩阵 ##
-1.09064 0.176448 -0.616485 
0.953239 0.560235 0.0382947 
-0.261035 0.763154 0.635831 
0.493898 -0.61224 0.714168 
0.476212 -0.726377 -0.126145 
-0.99419 0.0601728 -0.441472 
-0.76691 -0.511691 1.06046 
-0.112847 -0.639319 -0.97782 
-1.18795 0.166556 -0.000860922 
0.166511 -0.733178 0.25471 
-0.349508 0.690062 0.00447257 
-0.452869 -1.40936 0.0766835 
0.787139 0.220825 0.071013 
-0.136801 1.61055 0.472473 
0.931481 0.950354 0.0939292 
-0.745106 -0.241983 -0.544808 
0.404878 -0.914772 0.694989 
0.694208 1.02743 1.00432 
0.633503 -0.910536 -0.336029 
-0.0953547 1.22975 -1.78989 
## 隐含层的阀值矩阵 ##
-0.0714058 
-0.911369 
0.266702 
-0.840157 
-0.600529 
0.990506 
-0.109389 
-0.346242 
0.646258 
-0.0382821 
0.75743 
0.0684916 
-0.479297 
-0.439283 
0.553403 
-0.141749 
0.246087 
0.920084 
0.169414 
-2.50236 
## 隐含层到输出层的权值矩阵 ##
-0.720812 0.854173 0.577397 -0.121861 0.146703 -1.24547 -0.971825 -0.658909 -1.29101 0.87451 -0.281133 0.727291 1.0373 0.11429 -0.589889 -0.261083 0.412569 -0.842248 0.700095 -1.98706 
## 输出层的阀值矩阵 ##
-0.687404 