## 样本的输入层的数目: ##
3
## 样本的隐含层的数目: ##
20
## 样本的输出层的数目: ##
1
## 训练网络所采用的神经网络算法: ##
0
## 网络中使用的函数的索引值: ##
2
## 输入层到隐含层的权值矩阵 ##
-0.987953 0.0914738 -0.582647 
0.78928 0.000696182 -0.547281 
1.76086 4.19513 -1.67767 
0.772892 -0.987121 1.01774 
0.899605 -0.00980151 -0.646179 
-6.93949 -2.38263 -0.783937 
-1.1743 -3.26493 4.59604 
-0.218451 -1.06211 -1.04794 
-3.09676 0.255949 0.182945 
0.387103 0.69104 0.42103 
-2.11499 0.785361 -0.590174 
0.359609 -2.63789 0.456209 
0.784455 1.23093 0.985865 
-0.162566 1.10933 -0.0390943 
4.23049 4.94141 -0.128329 
-0.694113 -0.0433941 -0.544304 
2.59461 -1.36794 2.89856 
0.610947 0.799136 1.13626 
1.20939 -0.912624 0.14642 
0.00813861 2.16472 -1.04989 
## 隐含层的阀值矩阵 ##
-0.372068 
-1.01529 
-1.60553 
-2.4697 
-1.17076 
5.95301 
-0.411154 
-0.157516 
3.53277 
0.320068 
1.56953 
1.46275 
0.116811 
-1.03275 
-4.82538 
-0.223213 
-1.19794 
1.30015 
0.0711464 
-0.673108 
## 隐含层到输出层的权值矩阵 ##
0.183265 -1.17487 2.54828 2.25443 -1.31119 -3.62889 -2.33 -0.802002 -2.88254 0.590433 2.03714 3.09019 1.08242 -0.621483 -3.43732 0.259608 2.67016 -1.00645 -1.2129 -1.83847 
## 输出层的阀值矩阵 ##
-1.05287 