## 样本的输入层的数目: ##
3
## 样本的隐含层的数目: ##
20
## 样本的输出层的数目: ##
1
## 训练网络所采用的神经网络算法: ##
0
## 网络中使用的函数的索引值: ##
2
## 输入层到隐含层的权值矩阵 ##
-0.987178 0.0936626 -0.583816 
0.798516 -0.0188527 -0.554837 
1.84213 4.27513 -1.70894 
0.78126 -1.00748 1.02063 
0.913124 -0.0273361 -0.653486 
-7.00687 -2.43248 -0.746793 
-1.1862 -3.38025 4.70504 
-0.21739 -1.06147 -1.04671 
-3.12118 0.27493 0.107416 
0.387609 0.691082 0.415578 
-2.21303 0.810343 -0.601093 
0.36137 -2.67812 0.504122 
0.782552 1.23062 0.983938 
-0.155883 1.12037 -0.0414968 
4.24812 5.04227 -0.222115 
-0.692667 -0.0395984 -0.546057 
2.60025 -1.42984 2.92992 
0.611091 0.79899 1.13608 
1.22227 -0.948669 0.17847 
0.00410653 2.20636 -1.10425 
## 隐含层的阀值矩阵 ##
-0.371005 
-1.0293 
-1.66118 
-2.52091 
-1.1856 
6.00311 
-0.420866 
-0.164569 
3.61565 
0.32041 
1.66638 
1.44001 
0.128944 
-1.02448 
-4.81913 
-0.221698 
-1.18905 
1.29845 
0.071424 
-0.659334 
## 隐含层到输出层的权值矩阵 ##
0.181709 -1.19883 2.59865 2.2874 -1.3387 -3.65312 -2.40087 -0.802719 -2.9524 0.595444 2.12412 3.12676 1.08188 -0.621688 -3.46206 0.258332 2.6463 -1.00044 -1.2453 -1.88555 
## 输出层的阀值矩阵 ##
-1.04599 