## 样本的输入层的数目: ##
3
## 样本的隐含层的数目: ##
20
## 样本的输出层的数目: ##
1
## 训练网络所采用的神经网络算法: ##
0
## 网络中使用的函数的索引值: ##
2
## 输入层到隐含层的权值矩阵 ##
-1.03295 0.0182912 -0.618748 
0.759886 1.17435 -0.589945 
-0.531713 0.514903 0.691802 
0.250271 -1.06908 0.597145 
0.437341 0.1632 -0.394208 
-2.88764 -1.28498 -0.404048 
-1.03646 -0.688156 1.35024 
-0.0174952 -0.31565 -1.24311 
-1.32305 -0.0801778 0.164152 
-0.0851633 0.407873 -0.330031 
-0.14777 0.702524 0.161512 
1.16762 -2.61181 0.386636 
0.375972 0.132666 -0.139614 
-0.190318 1.60893 0.639676 
1.55063 1.71855 0.566236 
-0.790914 -0.461948 -0.511572 
1.64838 -0.827345 1.01247 
0.685215 1.05114 0.785066 
0.682951 -0.201166 -0.816237 
-0.771159 0.00862465 -0.998748 
## 隐含层的阀值矩阵 ##
-0.328337 
-0.903723 
0.442784 
-0.785752 
-0.999639 
2.12224 
-0.678976 
-0.646051 
0.35522 
-0.000868339 
0.802457 
1.07216 
-0.13877 
-0.63828 
-0.951232 
-0.0990091 
-0.0117177 
0.473096 
0.438616 
-0.810116 
## 隐含层到输出层的权值矩阵 ##
-0.216573 -0.785258 0.621536 0.0660496 0.443636 -2.14458 -1.0822 -0.67313 -0.747565 1.1892 -0.176871 2.47238 0.577107 -1.22145 -1.77454 0.259398 1.27022 -0.872937 1.03616 -0.373611 
## 输出层的阀值矩阵 ##
-0.421333 