## 样本的输入层的数目: ##
3
## 样本的隐含层的数目: ##
20
## 样本的输出层的数目: ##
1
## 训练网络所采用的神经网络算法: ##
0
## 网络中使用的函数的索引值: ##
2
## 输入层到隐含层的权值矩阵 ##
-1.03898 -0.0295401 -0.736875 
1.81388 0.685719 -1.34113 
-0.128798 1.51035 1.20336 
2.30915 -2.08513 1.10943 
0.773495 0.0263821 -1.31352 
-2.19249 -2.07831 -4.51842 
-0.987065 -0.264086 0.271018 
-0.321053 -1.39706 -1.46672 
-0.867389 -0.0123766 -0.276801 
0.12222 0.866967 0.949263 
-0.618627 0.803367 0.311379 
-2.97221 -2.8611 1.51642 
0.758555 1.17192 1.40888 
-0.357137 1.06154 0.573937 
1.44759 0.630364 -0.289547 
-0.714103 -0.187004 -0.572376 
0.48429 -1.62811 1.2427 
0.702224 1.03289 1.02231 
0.506006 -0.290604 -0.144626 
-1.22219 1.05864 -1.47901 
## 隐含层的阀值矩阵 ##
-0.419101 
-2.03688 
-0.0523545 
-2.41179 
-1.96168 
3.4103 
-0.353671 
0.260937 
0.689636 
0.51333 
1.36538 
-0.946248 
-0.191632 
-0.164656 
0.846586 
-0.24964 
0.615957 
1.17223 
0.257144 
-1.03243 
## 隐含层到输出层的权值矩阵 ##
0.00637892 1.37933 1.37227 1.82605 1.29766 -4.36454 0.704205 -1.49243 1.17891 0.980301 -0.682795 3.06906 1.32006 0.077934 -1.39303 0.171571 1.00013 -0.563589 -0.608701 -1.23281 
## 输出层的阀值矩阵 ##
-0.569045 