## 样本的输入层的数目: ##
3
## 样本的隐含层的数目: ##
20
## 样本的输出层的数目: ##
1
## 训练网络所采用的神经网络算法: ##
0
## 网络中使用的函数的索引值: ##
2
## 输入层到隐含层的权值矩阵 ##
-0.805821 -1.24898 -1.00578 
0.0543929 5.75916 2.9592 
-4.74514 6.92428 -1.42722 
3.30641 -0.979954 1.27584 
2.62987 -1.2445 -1.04763 
-2.02829 -6.29248 -1.71329 
-4.12259 1.97952 1.42489 
-0.247337 -0.877787 -1.08758 
-1.17207 -1.01207 -0.319374 
1.32762 2.0076 -0.710963 
-2.25138 0.711576 -0.69787 
-0.125244 -2.38165 1.80876 
0.417937 2.09032 0.451171 
-1.55614 -0.329096 -0.570752 
1.7941 3.22694 -0.751701 
-2.19668 0.838232 -0.479613 
1.3343 -1.97155 4.60158 
0.633853 1.00656 0.876094 
2.1493 -0.172853 -2.10815 
-9.07677 7.90931 -5.05975 
## 隐含层的阀值矩阵 ##
2.21906 
-6.42001 
4.04486 
-6.21919 
-1.83677 
7.24426 
2.65807 
-0.772519 
0.0682119 
-1.70779 
3.9603 
0.0402635 
0.356472 
0.307002 
-2.76608 
3.13583 
-8.70607 
0.757709 
2.5459 
3.06134 
## 隐含层到输出层的权值矩阵 ##
0.514945 -5.21055 3.83971 -1.5925 -0.995002 -4.40547 -1.27003 -0.676321 0.349287 2.53692 -3.45825 0.59284 1.01413 -1.1887 -1.84777 2.25211 3.98514 -0.599214 -0.956926 -0.837584 
## 输出层的阀值矩阵 ##
-0.334569 