## 样本的输入层的数目: ##
3
## 样本的隐含层的数目: ##
20
## 样本的输出层的数目: ##
1
## 训练网络所采用的神经网络算法: ##
0
## 网络中使用的函数的索引值: ##
2
## 输入层到隐含层的权值矩阵 ##
-1.00909 0.10201 -0.627382 
0.640445 0.221982 -0.168673 
-0.373189 0.730168 0.607246 
0.287056 -0.922698 0.979055 
0.411746 0.013918 -0.390019 
-0.887781 -0.712689 -0.510347 
-0.741689 -0.588671 0.732706 
-0.0772995 -0.750527 -0.943885 
-0.97248 -0.214908 -0.0824858 
0.0544413 0.093564 0.37526 
-0.644142 0.344655 -0.119384 
-0.615863 -1.26044 0.307685 
0.543864 0.534621 0.394971 
-0.411167 0.798857 0.203675 
0.878828 0.885653 -0.501153 
-0.736521 -0.123938 -0.521783 
0.620273 -0.631058 0.445337 
0.694174 0.995715 1.00755 
0.247063 -0.269773 -0.162768 
-0.403919 0.676507 -0.950228 
## 隐含层的阀值矩阵 ##
-0.307992 
-0.78809 
0.282189 
-1.13514 
-1.0024 
0.84186 
-0.315968 
-0.446378 
0.150571 
0.32343 
0.674545 
0.00234519 
0.0323596 
-0.588048 
0.277027 
-0.157452 
-0.119569 
0.897721 
0.485103 
-0.795212 
## 隐含层到输出层的权值矩阵 ##
0.068156 -0.396126 0.62061 1.09699 -0.0217543 -0.280264 0.389902 -0.625133 0.0180442 0.73396 -0.0526325 1.43227 0.454915 -0.115078 -0.809817 0.130086 0.367865 -0.801581 0.0786978 -0.091092 
## 输出层的阀值矩阵 ##
-0.633691 