11 	64 	1 
18.3334  8.15869  -0.838341  -6.39345  -17.7244  -25.0089  -16.3951  -2.19785  5.90629  9.28069  9.13891  1.33321  -11.3037  -17.7755  -14.2842  -5.63252  0.495561  0.209037  3.76449  15.5098  20.2841  12.313  4.52707  4.72451  3.52264  -2.42727  0.514314  8.50087  8.31364  7.74107  7.40786  3.02148  5.99041  9.1619  1.47802  -0.976259  3.03177  3.74974  8.86646  13.7119  7.34092  -4.76954  -13.4917  -13.5722  -11.9113  -15.7729  -16.2685  -12.0055  -10.9515  -10.7104  -9.40031  -7.01233  -0.554614  5.59011  9.75875  15.1176  16.1238  12.8191  12.1029  9.21374  2.31163  1.34717  3.56966  -1.6168  0.9 
-4.74635  -4.29297  3.44359  64.4298  88.127  -7.24894  38.2484  350.843  511.431  227.95  -221.212  -358.922  -24.5302  255.313  -8.91944  -319.089  -183.127  -22.794  -98.8036  -114.075  -45.4565  -45.6088  -55.8796  -47.0261  -51.1501  -52.5711  -44.2461  -35.2245  -31.3768  -16.2478  4.42202  13.5664  39.5148  70.8066  85.2852  62.501  -13.3589  43.0218  291.297  393.199  218.701  -41.6882  -231.643  -177.179  21.3652  42.445  -19.0773  -18.1311  -80.2714  -119.268  -59.0862  -42.149  -50.4718  -24.4368  -8.87143  -0.54719  0.0532122  -9.24005  3.30656  20.7882  17.2115  9.27651  10.4313  13.7235  0.9 
-20.075  -20.8034  -2.03439  6.5216  3.02032  6.91257  7.65885  -5.23115  -11.4091  -3.89455  -3.91675  -11.5543  -4.63795  9.3111  9.7747  9.31625  19.3587  20.5392  3.85942  -11.8376  -12.702  -5.17784  0.506126  3.58535  7.64509  11.8692  12.3691  9.40556  7.00757  3.92905  -2.8484  -5.049  2.31745  3.02514  -5.40186  2.20755  19.2079  13.1099  -2.55337  -1.03993  -1.30552  -13.5692  -13.651  -3.6635  -1.94383  -0.0689367  7.96877  11.8087  7.27991  -3.15839  -10.7235  -5.31216  5.11669  4.31946  -4.14662  -6.01291  -3.69011  -6.05385  -6.80023  -2.90973  -6.86757  -16.1191  -15.3946  -9.9426  0.9 
-19.7523  -28.6322  -29.9038  48.5309  58.5591  -46.0769  112.849  466.353  464.56  158.86  -62.9885  -178.996  -205.964  -119.256  -49.4383  -56.3848  -83.8239  -87.8063  -61.2978  -41.3895  -36.3881  -29.5022  -27.3704  -27.6107  -25.4567  -27.9791  -35.8285  -41.3895  -42.4867  -40.6391  -33.1946  -15.436  6.97132  12.4944  35.6058  77.1638  11.5291  -28.6505  208.309  416.745  275.739  56.6099  -92.7673  -218.851  -109.806  84.0152  -12.8703  -105.385  26.5615  20.5522  -100.823  -57.4221  -5.51233  -54.1765  -42.8857  5.03976  -6.14547  -23.6109  -15.1032  -3.64628  -2.25347  -6.77527  -3.87422  0.511463  0.9 
9.01873  14.147  9.72701  -4.47728  -8.82279  -3.92788  0.190079  2.75056  3.631  4.49478  7.14673  8.47954  9.68031  12.7779  9.66719  0.837142  1.2087  7.88372  1.73224  -12.2185  -12.8308  -6.12065  -8.36889  -10.975  -7.04023  -7.94973  -10.2981  -1.63535  4.42414  -2.5873  -4.56177  2.93669  7.50207  9.24365  8.09339  5.34018  10.8446  17.7733  14.4845  10.8896  12.8243  11.5354  5.15609  -1.98677  -5.62593  -6.85966  -12.5939  -17.4543  -12.0215  -6.24522  -8.58463  -9.49658  -6.42971  -3.29866  3.38475  7.25218  2.60955  0.943835  -1.00288  -12.858  -18.8404  -13.5374  -9.80945  -5.74194  0.9 
7.93471  154.74  293.946  329.356  258.874  20.0309  -164.985  -120.386  -86.0015  -144.625  -142.785  -96.7346  -63.4657  -45.5775  -47.966  -37.5702  -21.0194  -22.1266  -20.9776  -21.1639  -27.9184  -32.4733  -35.4036  -23.5144  -1.12067  2.26539  -1.48087  21.0736  38.7513  14.5232  -9.99556  -23.4726  -33.0651  45.976  171.956  150.736  32.61  3.91827  12.0195  -7.0594  15.1252  48.5042  49.1584  22.7369  -58.8863  -119.035  -76.88  -32.7576  -38.7073  -25.749  -2.57969  -5.58111  -11.1477  -6.58926  1.60339  7.35739  7.82697  11.0292  13.3951  12.2862  17.8808  19.5135  7.31187  -0.341361  0.9 
-0.834096  -3.43008  0.98815  -0.777045  -1.89722  2.02249  8.03868  15.9112  20.9048  15.3085  0.858124  -9.57633  -8.95654  -5.88745  -6.11147  -5.64183  -5.17624  -10.2849  -15.192  -5.85719  4.64987  -2.00447  -13.1544  -19.4528  -15.5742  -6.86035  -12.1109  -16.2198  -6.63737  -0.0122334  -4.28025  -10.4263  -6.42984  -4.03998  -10.4118  -6.38607  -3.43586  -9.24716  3.08221  -11.7412  -28.5227  84.6683  114.674  -74.6218  37.1975  468.061  476.205  95.3756  -131.194  -223.912  -236.938  -120.929  -81.2599  -123.207  -91.9518  -56.6708  -59.4489  -52.6602  -44.3633  -38.7991  -30.7666  -26.5282  -29.1967  -26.6204  0.9 
-20.263  -8.23607  5.89201  -0.904126  -17.773  -14.3587  4.40546  5.03954  -7.16463  -11.5596  26.4524  90.0301  16.9402  -81.9749  201.535  594.794  383.303  -156.317  -255.871  -65.2811  -46.5463  -83.4931  -37.8833  -53.5762  -130.886  -135.184  -81.542  -51.6344  -47.565  -45.3136  -35.4785  -25.6537  -26.522  -27.0655  -22.6031  -25.0867  -25.7917  -3.85487  18.6322  16.7155  23.6386  49.9166  55.6284  31.5819  29.4085  125.288  256.082  227.222  73.2595  -17.5458  -81.8013  -131.024  -51.0832  22.2556  -52.4842  -118.618  -83.6712  -42.6213  -35.7973  -34.9452  -21.0494  -5.08758  -6.12859  -3.82288  0.9 
-6.97212  -22.302  -26.7872  78.8358  152.464  6.06637  22.5969  449.502  599.798  115.66  -277.167  -213.99  -115.837  -106.763  -58.2408  -57.239  -93.5478  -68.7496  -44.2905  -48.8669  -39.8985  -40.7014  -50.129  -42.5458  -38.7368  -42.1789  -39.9776  -35.6109  -29.916  -22.0829  -11.9165  -7.33485  -20.8539  -12.6728  84.3365  160.052  52.7763  -10.6889  191.65  309.436  135.765  17.3871  22.2466  -65.3042  -106.435  -4.37257  30.7255  -26.4504  -66.0663  -99.2312  -101.788  -52.4496  -35.2483  -52.3699  -26.5487  10.1386  5.88693  -3.81974  -0.400835  -0.789285  -2.6959  -1.91341  1.12373  6.3864  0.9 
-19.8251  3.04062  15.9724  34.2315  65.6335  24.4183  10.8013  280.574  578.138  368.372  -158.958  -366.317  -201.668  -71.9959  -95.5812  -102.625  -56.5394  -48.6364  -62.8532  -48.437  -37.8564  -39.6323  -29.4858  -19.8413  -20.9592  -24.8911  -32.9526  -42.4395  -33.8528  -24.162  -34.8382  -17.8043  22.1155  42.1361  74.7538  95.6846  100.318  159.227  181.404  104.676  52.8838  12.4559  -72.122  -73.3594  -0.746321  -16.302  -51.8561  15.7497  50.7954  -45.2377  -103.839  -45.2422  -11.9689  -31.4508  -22.9023  -2.20099  3.78117  2.88387  -2.68531  -4.5472  -5.94033  -12.2396  -13.6  -7.13551  0.9 
2.51643  7.9838  22.5417  30.004  16.3412  0.443758  -2.53735  -2.5868  -6.27744e+066  -6.27744e+066  -6.27744e+066  -6.27744e+066  -6.27744e+066  -6.27744e+066  -6.27744e+066  -6.27744e+066  -6.27744e+066  -6.27744e+066  -6.27744e+066  -6.27744e+066  -6.27744e+066  -6.27744e+066  -6.27744e+066  -6.27744e+066  -6.27744e+066  -6.27744e+066  -6.27744e+066  -6.27744e+066  -6.27744e+066  -6.27744e+066  -6.27744e+066  -6.27744e+066  -6.27744e+066  -6.27744e+066  -6.27744e+066  -6.27744e+066  -6.27744e+066  -6.27744e+066  -6.27744e+066  -6.27744e+066  -6.27744e+066  -6.27744e+066  -6.27744e+066  -6.27744e+066  -6.27744e+066  -6.27744e+066  -6.27744e+066  -6.27744e+066  -6.27744e+066  -6.27744e+066  -6.27744e+066  -6.27744e+066  -6.27744e+066  -6.27744e+066  -6.27744e+066  -6.27744e+066  -6.27744e+066  -6.27744e+066  -6.27744e+066  -6.27744e+066  -6.27744e+066  -6.27744e+066  -6.27744e+066  -6.27744e+066  0.9 
