11 	64 	1 
-19.0073  -11.1284  6.50635  11.6996  -7.86243  -15.0067  11.1332  20.1017  -2.59882  -11.4187  0.227258  9.6616  13.6945  11.7748  9.91867  19.8008  26.2792  19.3333  15.2011  7.99888  -4.80692  0.684308  4.65921  -10.0915  2.11243  23.9036  0.128754  -21.6625  -10.0905  -6.84845  -9.21317  -4.25451  1.39458  8.86567  -3.13368  -27.063  -26.5548  -27.6609  -45.2485  -41.271  -32.2006  -40.174  -29.1267  -16.1284  -44.5381  -62.3021  -32.752  -15.9387  -38.4593  -67.3753  -68.4015  -43.0775  -35.3937  -57.6045  -63.2996  59.6926  204.375  73.8787  103.513  716.424  895.894  155.993  -299.892  -174.762  0.9 
-102.349  -31.5989  15.3826  -39.0505  13.4614  119.047  215.582  449.016  456.036  28.5328  -176.051  -17.2559  -22.4577  -80.5119  17.4848  -7.96384  -104.876  -11.193  87.9337  12.841  -50.4682  -12.3567  13.8007  2.74888  -3.07313  2.89506  5.83311  -6.25893  -20.8642  -23.5953  -25.8633  -33.8075  -33.4656  -33.5696  -48.4438  -49.7586  -26.4748  -13.9084  -19.9216  -21.7097  -10.4901  4.9053  10.915  10.7739  11.6852  7.60763  2.40534  0.896148  -1.52455  1.92745  10.7131  8.05112  -0.234991  2.1788  10.1036  22.6963  32.1977  12.2245  -11.4119  3.91281  20.343  8.2616  6.42935  11.5968  0.9 
-51.893  -24.5691  -34.8659  -58.2578  36.0989  192.952  165.656  -18.8095  9.74174  315.453  477.828  297.401  24.7181  -162.455  -256.569  -214.275  -102.827  -62.0981  -60.2885  -32.0742  -16.3124  -24.116  -29.273  -34.8198  -39.7951  -42.9103  -53.211  -64.5367  -74.0219  -70.4611  -60.0306  -74.545  -47.8358  39.3258  48.9509  21.5565  123.661  255.96  223.989  111.635  76.4876  18.2032  -74.775  -7.77818  61.8374  -79.368  -150.477  -36.0314  -3.39584  -29.4174  5.72243  13.3857  5.85914  20.0286  8.05323  -14.9962  -19.7026  -14.1618  -15.0895  -17.7917  -8.7645  -6.353  -7.3575  6.72453  0.9 
49.8938  135.964  274.464  304.65  167.246  143.876  160.239  -97.0024  -287.925  -160.775  -89.7623  -125.174  -64.3935  -30.2232  -54.2578  -35.9158  -29.6448  -44.5864  -46.1223  -55.4375  -73.0521  -81.8236  -62.6754  -66.7334  -101.99  7.94489  138.958  -14.6819  -59.67  258.139  295.146  64.3114  152.943  197.288  -48.8409  -75.7658  20.2627  -48.4441  -42.2633  -4.57728  -62.3267  -28.1131  37.2635  1.28923  -14.2332  18.1961  17.6639  4.00636  1.17107  -9.74631  -22.6817  -30.7727  -31.7854  -26.4445  -32.098  -35.526  -18.5626  -14.1876  -33.1389  -35.4953  -21.1428  -18.3674  -11.2524  12.9938  0.9 
-13.6024  -22.6269  6.95835  25.2655  16.2261  18.9284  28.8142  21.2261  15.697  15.6192  -0.782796  -12.5322  -5.12092  -4.10146  -6.61545  -5.4543  -8.18949  2.9741  15.9793  -0.357166  -12.5712  7.08884  21.9382  10.4688  -6.95581  -5.72063  17.7034  30.2763  9.34561  -12.3077  -4.60722  9.59267  6.06896  -0.372864  2.4498  5.12255  2.79179  -3.73614  -6.56093  2.04514  3.07687  -13.3854  -20.6473  -11.7011  -7.47744  -9.68575  -3.57828  7.12159  5.07243  5.26901  22.3796  19.5467  -9.38373  -16.8551  -2.73292  1.59767  4.39573  17.1598  20.5202  0.478872  -20.314  -17.0668  -11.6817  -20.7695  0.9 
9.92625  150.839  305.798  318.228  58.24  -160.286  -66.644  -34.8024  -180.135  -164.509  -64.3662  -61.8655  -62.8172  -53.8059  -58.4776  -62.3262  -74.4164  -76.976  -83.5202  -88.4353  -69.4294  -74.7477  -33.9113  96.1817  136.704  185.531  310.587  142.975  -56.9303  153.938  225.597  29.5086  68.1909  17.924  -213.284  -100.127  39.8517  -97.509  -84.1661  30.0411  -15.4802  -35.7523  11.3117  7.23105  -3.06951  -1.98963  -19.6655  -28.6221  -26.0197  -28.9821  -28.0258  -19.8431  -12.4709  -20.8496  -36.6854  -21.1436  3.54752  -14.3107  -33.423  -15.5703  -5.69377  -4.58276  11.0015  10.9344  0.9 
0.633557  26.8401  19.2194  -19.8822  -33.6084  -12.601  1.5306  -7.87303  -17.5989  -9.78199  0.971811  -1.07574  -1.53679  5.42942  0.564563  1.17736  26.4255  28.5419  4.84277  13.3713  27.0696  -0.301527  -30.8172  -23.1253  9.3861  13.3816  -25.2415  -36.8075  -2.51043  7.2898  -15.083  -16.9978  0.679857  5.37899  -0.993803  -3.13295  -3.39226  8.59383  31.9062  23.5091  -8.27803  -5.86601  18.4609  13.1303  -8.53055  4.97814  32.4779  9.04544  -31.831  -21.5731  1.21172  -13.0006  -25.5615  -7.04093  4.49697  -3.66028  12.683  35.8359  6.53588  -28.9494  -8.19499  17.0522  0.078814  -11.2436  0.9 
28.3451  165.697  344.504  306.087  116.586  -2.79699  -106.703  -201.771  -137.865  -8.47304  10.2124  -45.1746  -64.2893  -29.6983  -10.3207  -15.3891  -7.64415  -3.94232  -8.92393  -8.31931  -5.90678  -15.942  -36.2482  -35.1619  -26.2358  -27.8055  -5.13048  8.55071  -22.367  -17.213  25.0795  8.50923  -30.5484  -20.1215  -3.59275  -6.47273  -11.5571  -22.8659  -7.19114  41.4875  45.4916  4.62397  -3.5336  8.44714  1.8958  2.70185  3.70643  -12.1592  -10.2658  0.830625  -6.02133  -3.38565  7.07568  -2.56676  -8.07629  3.22105  -0.532749  -13.3922  -9.23276  2.83721  17.9224  31.5553  22.1747  2.5084  0.9 
-4.15869  0.740743  -5.58912  3.3908  10.0329  -9.58475  -15.182  3.41654  7.02996  6.08912  21.0841  32.5455  31.0766  25.0649  25.5542  26.6569  5.71159  -21.0396  -20.2789  -4.3914  -4.4964  -28.1678  -45.1207  -29.7215  -22.5455  -48.4413  -57.0208  -33.5335  -21.2687  -31.6313  -36.892  -26.0136  -24.5967  -39.4883  -41.8775  -32.6136  -25.5708  -21.7446  -12.5277  17.1108  -2.81642  -59.7795  -13.9462  60.8804  116.395  150.435  -7.99206  12.055  496.117  596.386  94.5586  -99.5186  -47.3557  -236.204  -281.708  -99.5712  -52.8933  -70.1527  -39.5242  -27.1453  -26.2519  -33.5761  -46.8261  -51.7006  0.9 
10.929  2.63187  0.370319  -8.41674  -12.4884  -3.79916  2.10008  0.560418  3.69214  4.61263  -9.3842  -18.217  -7.27958  -5.49687  -21.9332  -25.0514  -17.4674  -20.9827  -22.3599  -12.3987  -0.698757  7.803  9.5119  3.38355  -9.13668  -16.1483  -11.0632  -10.6252  -11.969  -13.6496  -29.82  -19.4144  13.6394  -23.9917  -75.1968  -37.1265  -23.3399  -18.1834  105.328  109.491  0.332864  164.859  303.361  136.31  179.726  306.461  -12.7904  -303.724  -205.226  -132.492  -141.704  -68.09  -32.841  -40.2887  -30.4387  -43.6618  -61.2392  -65.0695  -66.6497  -74.8844  -84.3495  -61.4557  -39.7588  -58.6203  0.9 
-22.5846  -46.1788  -9.69167  -26.4926  10.6867  253.036  296.379  182.514  650.923  1012.93  221.602  -460.568  -66.2008  126.356  -225.57  -185.981  22.9556  -62.2803  -108.282  -39.5255  -47.4817  -72.0429  -67.6186  -82.8454  -108.625  -126.821  -155.917  -199.852  -205.843  -217.718  -287.019  -204.562  -74.6138  -245.044  -340.974  -71.8479  95.7462  -32.0044  -6.27744e+066  -6.27744e+066  -6.27744e+066  -6.27744e+066  -6.27744e+066  -6.27744e+066  -6.27744e+066  -6.27744e+066  -6.27744e+066  -6.27744e+066  -6.27744e+066  -6.27744e+066  -6.27744e+066  -6.27744e+066  -6.27744e+066  -6.27744e+066  -6.27744e+066  -6.27744e+066  -6.27744e+066  -6.27744e+066  -6.27744e+066  -6.27744e+066  -6.27744e+066  -6.27744e+066  -6.27744e+066  -6.27744e+066  0.9 
