12 	64 	1 
-2.03399  -12.9496  -9.16581  7.40487  10.7366  -2.18049  -8.26693  -6.63273  -9.80523  -10.4872  -0.602577  9.62821  9.73004  2.86184  -1.50236  -0.912202  2.39444  5.06019  -3.63352  -16.5092  -9.04165  2.18423  -9.31745  -17.8087  -10.4698  -10.5773  -11.3453  -2.12857  0.713656  -4.67116  -8.60356  -10.4493  -10.9916  -13.6041  -22.7158  -29.3662  -22.9883  -16.481  -9.77615  0.0956869  -9.32978  -7.43012  1.29106  -29.2258  17.3768  122.672  43.8958  -51.3803  141.496  298.365  151.863  93.8568  193.174  13.0043  -297.451  -266.888  -77.594  -70.4947  -103.65  -57.5723  -43.7788  -59.6496  -60.0268  -50.8865  0.9 
326.853  295.865  185.704  -18.4547  -78.2713  145.257  104.145  -207.932  -112.887  198.103  83.8634  -211.134  -195.868  -49.1553  -37.9807  -43.7179  -8.90894  -8.39491  -13.7686  -9.69786  -12.3794  -12.0951  -10.616  -8.26727  -14.1051  -23.6024  -17.9778  -16.0257  -23.4595  -17.3461  -11.6562  -24.9937  -35.9964  -26.3277  -2.92747  10.1604  0.920918  4.97534  32.3283  33.683  13.0961  11.5939  13.5462  6.71135  6.86439  6.42668  7.69559  20.6482  18.5804  -3.27896  -2.56611  18.0692  9.38042  -16.7255  -11.375  5.05585  -1.08402  -3.47453  9.83337  17.1653  17.1228  12.8588  3.0729  -2.97135  0.9 
2.76467  7.84359  3.10203  -3.35505  -2.55202  4.48946  7.62639  9.09276  5.67002  -8.62257  -13.6404  -4.99483  -8.19111  -19.2521  -14.1714  2.4888  10.786  6.45154  3.29078  5.43326  3.99498  4.65393  7.22702  0.873311  -3.94702  -5.16243  -15.2439  -21.5961  -19.8783  -29.8338  -42.0989  -36.7929  -31.4234  -38.1362  -37.9286  -30.5704  -24.5883  -17.6107  -19.1594  -19.8369  -29.0171  -41.2079  24.4569  88.856  27.5076  -13.3695  104.284  324.713  480.67  386.496  149.172  15.0914  -68.6739  -189.238  -247.261  -229.601  -176.392  -106.032  -73.5609  -65.2418  -57.644  -59.6762  -55.0377  -55.7652  0.9 
2.72784  1.03293  0.175342  -2.40968  -10.1275  -16.5966  -13.9914  -11.2908  -19.7938  -27.5881  -21.2725  -11.4507  -8.56877  -8.06655  -11.9108  -20.1667  -17.4131  -9.44479  -10.8582  -6.67888  -0.688713  -11.1248  -14.8546  -6.23546  -16.0062  -26.8535  -11.0226  -4.09195  -21.4125  -25.0155  -18.522  -24.1059  -29.3035  -25.3443  -11.4764  -12.6492  -18.1251  56.5993  153.543  129.863  43.0065  50.9845  216.249  401.821  337.256  33.5129  -192.714  -217.495  -162.896  -120.672  -104.578  -85.3592  -62.4889  -60.4809  -59.4348  -57.6829  -62.3396  -56.2346  -50.2911  -56.98  -72.0831  -81.4885  -73.8187  -74.7703  0.9 
-8.33465  -24.1514  -31.305  -23.1862  -11.8682  -6.86798  -6.81647  -10.3978  -19.4053  -22.1361  -11.4031  -5.43973  -10.087  -12.6935  -14.2718  -13.6561  -7.04883  -9.73179  -24.1611  -27.7696  -19.0864  -18.8486  -21.5365  -9.80492  -2.77893  -20.6777  -35.5921  -28.0907  -37.304  -59.3085  -48.7817  -58.7189  -74.1579  -2.70752  24.1899  -18.9834  84.3142  239.13  292.083  349.589  349.022  257.37  221.414  87.2219  -214.824  -331.214  -212.746  -147.023  -150.868  -108.474  -54.9915  -46.465  -51.6988  -48.2796  -56.0558  -65.7523  -76.2641  -86.4404  -87.2724  -96.586  -87.4762  -72.3921  -87.4173  -50.6466  0.9 
108.703  154.916  302.281  370.579  298.715  318.946  178.417  -187.829  -245.13  -42.6379  27.9099  47.4368  37.9863  -72.6011  -121.773  -72.1854  -36.8602  -38.2237  -45.2097  -35.515  -26.8751  -26.6048  -20.0104  -19.2341  -26.6225  -30.5822  -25.8733  -20.1595  -28.5424  -37.9157  -25.0829  -1.67101  1.01965  -11.6374  -12.5818  -11.5815  -10.4969  7.29793  11.4138  -9.74501  -11.2874  4.50441  4.1734  1.87873  13.8321  23.8839  20.3661  11.8772  10.6674  13.2881  9.83111  4.2806  4.71965  11.9359  18.2753  12.2205  1.64928  2.62403  6.37394  2.25804  3.03282  13.9911  14.0296  1.15137  0.9 
-10.9515  -10.4253  -6.50298  2.18779  10.3609  8.94308  11.1382  21.1911  5.508  -23.778  -11.1745  17.3463  5.15733  -10.8334  5.97172  12.7651  -4.06908  -4.03011  13.9321  16.985  9.03184  8.83247  6.04975  -0.9503  0.359697  -1.62504  -12.1317  -13.3726  -8.14133  -10.6164  -13.1018  -10.2895  -11.3396  -16.7566  -22.7906  -28.6984  -30.2239  -27.6574  -23.4423  -14.9408  -10.5759  -19.2582  -24.9322  -20.0585  -20.9085  -38.3752  -54.9055  -30.0524  -18.4883  -66.1358  -14.5229  99.7864  26.407  -38.1947  189.713  442.906  451.164  302.896  106.627  -50.9101  -138.122  -219.839  -239.29  -161.837  0.9 
109.591  15.7562  21.3968  120.437  35.2955  116.895  486.84  372.281  -78.0952  -30.3709  118.566  -75.4036  -111.716  3.86195  -98.3742  -184.737  -76.5313  12.0522  -19.34  -59.2482  -23.6983  0.632015  -37.6322  -40.5834  -7.36124  -8.13833  -16.648  -9.41862  -5.34358  -4.74633  -8.41813  -18.0062  -18.5113  -10.0534  -16.3412  -29.0689  -18.2713  -4.37637  -6.93251  3.43013  19.4876  10.7916  5.35812  19.8073  17.4212  0.0847562  -0.738287  2.39622  -4.31046  -4.41937  4.68408  7.62827  -0.0597759  -1.29298  8.65442  1.68717  -13.1825  2.63686  19.3272  4.08015  -3.40681  8.75363  10.4377  9.87818  0.9 
3.91692  12.0321  10.151  -4.41542  -0.216897  18.1427  12.6019  -4.54331  -4.23719  -6.96456  -16.5108  -10.456  -10.0428  -24.4337  -19.0298  -4.64482  -11.0973  -14.5223  -5.73469  -9.63943  -19.1082  -21.2  -20.6017  -15.0513  -14.3985  -26.9282  -30.5958  -18.4508  -11.8404  -11.8303  -7.1673  -8.14615  -21.5148  -31.7149  -32.7965  -33.6882  -32.6811  -24.4137  -11.2893  -7.36295  -14.7323  -6.3558  -9.08138  -1.14677  141.931  228.631  71.0762  155.066  582.692  576.741  139.157  -50.4618  -131.594  -336.252  -334.966  -163.84  -110.126  -109.841  -81.0552  -69.9369  -70.7519  -69.6789  -65.9672  -65.1535  0.9 
3.07003  0.612476  -10.8988  -15.1408  -10.9843  -10.4875  -8.35056  2.32484  8.56767  3.36449  -3.18972  -3.44416  0.499854  -2.02931  -16.4972  -29.1559  -29.4831  -26.0146  -23.9267  -16.6619  -3.94773  -0.0018008  -13.4848  -23.93  -19.2769  -23.388  -32.5228  -26.9881  -28.871  -34.287  -18.0124  -9.10713  8.57289  81.17  107.771  54.7591  94.1452  181.328  145.998  154.687  285.475  209.369  -117.425  -288.778  -191.124  -90.5374  -85.8408  -76.0572  -41.4119  -26.1459  -27.2594  -32.4176  -43.7143  -52.3613  -58.4875  -68.5667  -73.817  -78.5991  -83.2801  -52.409  -31.1262  -72.2022  -46.9612  24.8036  0.9 
150.959  78.8421  78.4386  343.481  360.631  96.2996  9.60054  11.8104  -93.5488  -92.7747  60.4876  74.6024  -68.2166  -59.4582  50.1283  -13.0781  -98.6352  -54.0557  -42.8952  -59.0433  -21.2039  -4.90287  -16.5573  -17.1878  -13.3931  -5.13731  -8.14255  -23.0965  -22.375  -11.8313  -12.4481  -19.6646  -21.5729  -17.3548  -12.8707  -13.4313  -12.8539  -3.31007  6.39319  6.41271  2.66701  9.64371  21.2073  13.3029  0.918933  12.4132  20.3704  2.37781  -8.6349  -2.494  -4.35432  -8.82767  -0.0163183  10.1849  6.9875  -3.99896  -4.41823  6.95381  10.6851  4.20468  1.83376  9.0099  18.9837  16.0045  0.9 
3.05603  0.536307  8.56773  7.11438  -3.47561  -6.21716  -5.35226  -8.3878  -12.7738  -12.5383  -2.37296  7.02315  2.58821  -2.3044  5.23269  10.1604  6.07164  9.73506  20.4425  22.8953  19.8935  17.2872  10.8805  2.83847  0.0351063  3.96163  7.51649  1.06103  -5.85229  1.54391  -6.27744e+066  -6.27744e+066  -6.27744e+066  -6.27744e+066  -6.27744e+066  -6.27744e+066  -6.27744e+066  -6.27744e+066  -6.27744e+066  -6.27744e+066  -6.27744e+066  -6.27744e+066  -6.27744e+066  -6.27744e+066  -6.27744e+066  -6.27744e+066  -6.27744e+066  -6.27744e+066  -6.27744e+066  -6.27744e+066  -6.27744e+066  -6.27744e+066  -6.27744e+066  -6.27744e+066  -6.27744e+066  -6.27744e+066  -6.27744e+066  -6.27744e+066  -6.27744e+066  -6.27744e+066  -6.27744e+066  -6.27744e+066  -6.27744e+066  -6.27744e+066  0.9 
