## 样本的输入层的数目: ##
3
## 样本的隐含层的数目: ##
20
## 样本的输出层的数目: ##
1
## 训练网络所采用的神经网络算法: ##
0
## 网络中使用的函数的索引值: ##
2
## 输入层到隐含层的权值矩阵 ##
-1.05513 0.00433982 -0.593945 
0.666623 0.180358 -0.336968 
-0.338166 0.389865 1.04732 
0.164957 -1.42342 3.16519 
0.929249 0.0578432 -1.4216 
-3.10708 -1.17265 -2.11971 
-1.84817 -1.72423 2.4922 
0.0727431 -0.406623 -1.36247 
-1.62474 -0.324255 0.134881 
0.0395604 0.164143 0.397459 
-1.15237 0.42643 0.164332 
0.41437 -2.30016 2.52871 
0.755482 0.256944 0.168351 
-0.239237 1.3675 -0.303339 
5.78402 5.77606 0.168155 
-0.929909 -0.519709 -0.511115 
1.28434 -1.31406 1.57145 
0.839498 1.27996 0.469374 
-0.18575 -0.705264 -0.16528 
-0.780866 0.795019 -1.10939 
## 隐含层的阀值矩阵 ##
-0.304365 
-0.931402 
0.701612 
-2.75258 
-1.87178 
3.78721 
-2.17415 
-0.691458 
0.594688 
0.68177 
1.14006 
-0.959947 
-0.123184 
-0.707552 
-1.44253 
0.0157898 
-0.584806 
-0.0438332 
0.478253 
-0.0541461 
## 隐含层到输出层的权值矩阵 ##
0.0835431 -0.420621 0.79839 -2.61204 2.01366 -3.79024 -2.37312 -1.04226 -1.05833 1.05807 1.29656 3.39177 0.373318 -1.21477 -5.66364 0.437682 1.36115 -0.883545 0.645405 -0.481829 
## 输出层的阀值矩阵 ##
0.0501528 