## 样本的输入层的数目: ##
3
## 样本的隐含层的数目: ##
20
## 样本的输出层的数目: ##
1
## 训练网络所采用的神经网络算法: ##
0
## 网络中使用的函数的索引值: ##
2
## 输入层到隐含层的权值矩阵 ##
-1.05509 0.0044547 -0.593859 
0.669037 0.1809 -0.336365 
-0.339123 0.38946 1.04743 
0.163237 -1.43715 3.12005 
0.922942 0.0606611 -1.42643 
-3.10851 -1.17215 -2.10786 
-1.8445 -1.72544 2.56284 
0.0728355 -0.406547 -1.36285 
-1.62604 -0.325394 0.134151 
0.0383411 0.16419 0.397347 
-1.15528 0.42394 0.163066 
0.395509 -2.31734 2.55124 
0.755745 0.257457 0.168161 
-0.235415 1.37149 -0.304312 
5.79419 5.78282 0.182545 
-0.929781 -0.519734 -0.510909 
1.29192 -1.30958 1.57926 
0.839288 1.27999 0.469345 
-0.185936 -0.70573 -0.165532 
-0.78263 0.792832 -1.11035 
## 隐含层的阀值矩阵 ##
-0.304248 
-0.931393 
0.701488 
-2.83713 
-1.87264 
3.80465 
-2.13575 
-0.691241 
0.592622 
0.682428 
1.13929 
-0.956177 
-0.122625 
-0.707867 
-1.44514 
0.0164174 
-0.582095 
-0.0450972 
0.478841 
-0.0543055 
## 隐含层到输出层的权值矩阵 ##
0.0859419 -0.4252 0.796785 -2.63364 2.01408 -3.78931 -2.39185 -1.04066 -1.05565 1.05599 1.30102 3.40644 0.370301 -1.21937 -5.6736 0.440407 1.35862 -0.886421 0.648896 -0.477477 
## 输出层的阀值矩阵 ##
0.04842 