## 样本的输入层的数目: ##
3
## 样本的隐含层的数目: ##
20
## 样本的输出层的数目: ##
1
## 训练网络所采用的神经网络算法: ##
0
## 网络中使用的函数的索引值: ##
2
## 输入层到隐含层的权值矩阵 ##
-1.02645 -0.188109 -0.560676 
0.495188 0.734437 -0.240334 
-0.435262 0.690833 0.472021 
0.451044 -0.836136 0.748719 
-0.528207 0.536953 -0.954191 
-1.37291 -1.65542 -3.17562 
-0.81365 -0.269442 0.400796 
-0.0498009 -0.667986 -1.02912 
-1.12565 -0.478678 0.214981 
0.48908 0.376355 -0.188509 
-0.891034 1.00511 -0.0407481 
1.06777 -4.93082 4.64964 
0.304136 1.37917 -1.32507 
0.281613 1.77165 1.17766 
2.0048 2.96897 0.823748 
-0.787189 -0.0555787 -0.644203 
2.2149 -1.44189 -0.20495 
1.24693 1.47137 1.226 
2.69616 -1.43711 0.232929 
0.0051496 0.672913 -0.912198 
## 隐含层的阀值矩阵 ##
-0.694768 
-0.678335 
0.665974 
-0.98274 
-0.646956 
4.1203 
-1.1417 
-0.993932 
-0.0860254 
0.910809 
0.872326 
1.74073 
-0.390939 
-0.2008 
-0.82468 
0.131704 
-0.744693 
-0.39197 
1.53557 
-1.23108 
## 隐含层到输出层的权值矩阵 ##
-0.20298 0.405322 0.715313 -0.0278509 1.10055 -2.72304 -1.04065 -0.797596 -0.512784 1.14114 0.0355005 3.68215 1.39464 -0.899014 -2.31875 0.522799 1.14543 -1.45307 1.36983 -0.368571 
## 输出层的阀值矩阵 ##
0.170337 