## 样本的输入层的数目: ##
3
## 样本的隐含层的数目: ##
20
## 样本的输出层的数目: ##
1
## 训练网络所采用的神经网络算法: ##
0
## 网络中使用的函数的索引值: ##
2
## 输入层到隐含层的权值矩阵 ##
-1.26534 0.0281881 -0.95964 
0.355488 1.22352 -1.37551 
-0.227979 0.393698 0.902339 
0.262546 -0.711266 -0.0225092 
0.0823463 -0.377871 -0.494943 
-5.34932 -3.02082 -0.921506 
-0.201467 -1.23264 1.86402 
-0.283189 -0.464504 -1.35508 
-1.81845 -0.305296 -0.681815 
0.685137 0.227562 0.644492 
-0.0712722 0.952747 0.35826 
0.469136 -0.512001 0.184058 
0.424473 -0.226199 -0.201211 
-0.852527 1.22083 -0.434098 
1.29409 0.128423 -0.880782 
-0.707022 -0.211306 -0.496338 
-1.85596 -3.38642 2.23542 
0.628343 1.20535 0.794188 
0.912029 0.106141 0.0191489 
-0.521402 -0.512178 -1.15929 
## 隐含层的阀值矩阵 ##
-0.183803 
-1.2915 
0.555063 
-0.872027 
-1.03819 
4.70737 
-0.722586 
-0.251129 
-0.0608282 
0.449665 
0.9219 
1.08692 
-0.553487 
-0.475516 
0.432414 
-0.246515 
1.5952 
1.22701 
0.675575 
-0.202397 
## 隐含层到输出层的权值矩阵 ##
-0.570633 1.4487 -0.0444712 -0.224349 0.157238 -2.97079 -2.55047 -0.48032 -0.677204 0.298716 -0.381686 1.48363 0.224065 -1.30145 -2.22328 0.0366684 3.44759 -1.13141 -0.066146 -0.583033 
## 输出层的阀值矩阵 ##
-1.10496 