## 样本的输入层的数目: ##
3
## 样本的隐含层的数目: ##
20
## 样本的输出层的数目: ##
1
## 训练网络所采用的神经网络算法: ##
0
## 网络中使用的函数的索引值: ##
2
## 输入层到隐含层的权值矩阵 ##
-1.28255 0.0236382 -0.976253 
0.470845 1.3012 -1.33295 
-0.22739 0.394071 0.902783 
0.263883 -0.710651 -0.030567 
0.0808771 -0.378754 -0.495278 
-5.43186 -3.03321 -1.05272 
-0.15803 -1.28624 1.90447 
-0.288273 -0.476174 -1.35497 
-1.84197 -0.333497 -0.699948 
0.687494 0.234044 0.649815 
-0.071188 0.950237 0.355315 
0.490896 -0.433087 0.154783 
0.440412 -0.215023 -0.19535 
-0.894357 1.16517 -0.431607 
1.45026 0.176719 -0.912625 
-0.706962 -0.210429 -0.495012 
-1.85828 -3.39178 2.29532 
0.627156 1.20414 0.79724 
0.912073 0.105417 0.0154503 
-0.530816 -0.530989 -1.16144 
## 隐含层的阀值矩阵 ##
-0.175164 
-1.21383 
0.555987 
-0.87123 
-1.03988 
4.84405 
-0.768741 
-0.240123 
-0.03392 
0.449382 
0.927229 
1.06936 
-0.560975 
-0.512918 
0.430325 
-0.245805 
1.58412 
1.24147 
0.673744 
-0.186629 
## 隐含层到输出层的权值矩阵 ##
-0.566647 1.41458 -0.0585545 -0.200212 0.177881 -3.01376 -2.54537 -0.470075 -0.696443 0.278652 -0.399729 1.4266 0.237518 -1.34117 -2.3661 0.0625533 3.54705 -1.15141 -0.105481 -0.578247 
## 输出层的阀值矩阵 ##
-1.1316 