## 样本的输入层的数目: ##
3
## 样本的隐含层的数目: ##
20
## 样本的输出层的数目: ##
1
## 训练网络所采用的神经网络算法: ##
0
## 网络中使用的函数的索引值: ##
2
## 输入层到隐含层的权值矩阵 ##
-2.17035 0.227682 -0.793958 
0.23792 0.191548 0.331344 
-0.942914 0.98995 0.98559 
0.559222 -0.376488 0.494811 
0.477846 0.0700154 -0.547446 
-2.24361 -3.25613 -1.14514 
-0.208676 -0.052821 1.20133 
0.179824 -0.772926 -1.06138 
-0.581374 -0.0718925 0.296065 
-0.401855 0.0326459 0.516259 
-0.421387 0.565226 -0.249389 
0.824405 -0.599644 1.89983 
0.424801 0.48716 -0.14391 
-0.468644 0.602332 0.265687 
3.68782 4.35861 -0.373642 
-1.45539 -0.022713 0.0416442 
0.762487 -0.434386 0.921179 
0.874184 1.12737 0.31475 
0.182742 -0.305963 -0.15551 
-0.281849 0.797188 -0.953618 
## 隐含层的阀值矩阵 ##
-0.349536 
-0.72811 
-0.154609 
-0.977196 
-1.01642 
2.84681 
-0.049546 
-0.315974 
0.263937 
0.378071 
0.70835 
-0.362076 
-0.0629072 
-0.988073 
-0.611909 
0.354911 
-0.03713 
0.465086 
0.64434 
-0.787314 
## 隐含层到输出层的权值矩阵 ##
1.55965 -0.569995 1.43136 0.452786 -0.703546 -2.69855 0.88733 -0.959484 -0.152453 0.922186 0.459362 1.17898 0.0739043 -0.838564 -4.11412 1.40112 0.376241 -0.777263 0.536732 -0.31935 
## 输出层的阀值矩阵 ##
-0.364103 