## 样本的输入层的数目: ##
3
## 样本的隐含层的数目: ##
20
## 样本的输出层的数目: ##
1
## 训练网络所采用的神经网络算法: ##
0
## 网络中使用的函数的索引值: ##
2
## 输入层到隐含层的权值矩阵 ##
-2.22588 0.284869 -0.828156 
0.240219 0.196017 0.354725 
-0.965134 1.04264 0.999956 
0.583992 -0.372269 0.482138 
0.48572 0.0781395 -0.54878 
-2.33439 -3.31564 -1.12842 
-0.211382 -0.0664534 1.22578 
0.186774 -0.781589 -1.0661 
-0.586005 -0.0736482 0.292322 
-0.40751 0.0421031 0.523267 
-0.404108 0.584395 -0.249399 
0.915111 -0.573388 2.00006 
0.420691 0.486388 -0.148132 
-0.470336 0.616065 0.26754 
3.78848 4.45458 -0.385934 
-1.50289 -0.0119139 0.0458886 
0.758933 -0.440446 0.941827 
0.87316 1.12571 0.295689 
0.18924 -0.307322 -0.162499 
-0.276148 0.801057 -0.958743 
## 隐含层的阀值矩阵 ##
-0.377772 
-0.714605 
-0.206113 
-0.986874 
-1.01626 
2.86646 
-0.0789009 
-0.280491 
0.268223 
0.36988 
0.70368 
-0.456583 
-0.0647266 
-1.00074 
-0.650377 
0.411049 
-0.0462688 
0.473492 
0.647186 
-0.793375 
## 隐含层到输出层的权值矩阵 ##
1.62195 -0.571276 1.47505 0.467836 -0.698988 -2.77082 0.900629 -0.972191 -0.173213 0.920078 0.463607 1.26352 0.0874372 -0.856228 -4.19668 1.47722 0.368243 -0.78207 0.544982 -0.323185 
## 输出层的阀值矩阵 ##
-0.37755 