## 样本的输入层的数目: ##
3
## 样本的隐含层的数目: ##
20
## 样本的输出层的数目: ##
1
## 训练网络所采用的神经网络算法: ##
0
## 网络中使用的函数的索引值: ##
2
## 输入层到隐含层的权值矩阵 ##
-1.00971 0.0204345 -0.631484 
1.34375 0.673349 0.0817027 
-0.205403 1.04916 0.62467 
-0.183191 -1.16676 0.877932 
0.976779 -0.15223 -1.11283 
-2.53982 -0.539214 -2.47386 
-0.860646 -1.92324 2.71651 
-0.131103 -0.94928 -0.841223 
-1.21363 -0.539786 -0.205543 
0.408933 0.125311 0.268653 
-0.651679 1.02065 -0.781599 
-1.42462 -0.754004 -0.0243625 
0.894033 1.23765 0.28856 
-0.791938 1.18861 -0.0731395 
0.853991 0.777244 0.141168 
-0.667737 -0.131095 -0.52748 
0.77514 0.161767 0.322218 
0.696462 0.95321 1.09658 
-0.218101 -0.508329 -0.427586 
-1.10572 1.89189 -3.618 
## 隐含层的阀值矩阵 ##
-0.333113 
-1.44577 
0.269721 
-1.07221 
-2.14254 
3.70294 
0.806169 
-0.349571 
0.0119725 
0.376521 
-0.313544 
1.79077 
-0.0295231 
-1.5263 
0.760939 
-0.104153 
0.505805 
0.969125 
0.945478 
0.802588 
## 隐含层到输出层的权值矩阵 ##
0.164618 -1.6559 0.453373 -1.01464 1.45476 -2.7239 -2.22121 -0.4561 -0.111887 0.383169 -3.29716 2.2015 0.759458 -1.8784 -0.598286 0.390545 0.909519 -1.02829 1.03502 2.66068 
## 输出层的阀值矩阵 ##
-0.901044 