## 样本的输入层的数目: ##
3
## 样本的隐含层的数目: ##
20
## 样本的输出层的数目: ##
1
## 训练网络所采用的神经网络算法: ##
0
## 网络中使用的函数的索引值: ##
2
## 输入层到隐含层的权值矩阵 ##
-1.0083 0.187445 -0.623741 
1.09614 0.129202 -0.1247 
-0.387155 0.712366 0.756824 
0.516778 -0.805125 1.18546 
0.293434 0.0525447 -0.499517 
-1.21314 -1.03659 -0.590733 
-0.667275 -0.683096 0.66134 
-0.0521324 -0.712999 -0.933152 
-1.02972 -0.306585 0.918797 
0.400475 0.191826 0.0453737 
-0.718735 0.451318 -0.133622 
-0.750245 -1.22071 0.363419 
-0.295648 0.594823 -0.399226 
-0.301777 0.606226 0.51246 
0.944565 0.937637 0.211777 
-0.73885 -0.239038 -0.5675 
1.19903 -0.324794 0.663014 
0.709879 1.01968 1.02375 
0.00148276 -0.206157 -0.410136 
-0.922766 0.744006 -1.16366 
## 隐含层的阀值矩阵 ##
-0.267437 
-0.524075 
0.185777 
-0.941205 
-1.00055 
1.41869 
-0.733645 
-0.293427 
0.492851 
-1.38666 
0.90314 
-0.0834658 
-0.207908 
-0.596265 
0.601855 
-0.198682 
0.0319479 
0.941421 
0.760944 
-1.04232 
## 隐含层到输出层的权值矩阵 ##
-0.212245 0.898582 0.536135 0.511318 0.248172 -1.27224 -0.571896 -0.552326 0.908252 1.98212 0.950793 1.31948 0.931539 -0.123572 -0.723628 0.0450185 0.781434 -1.00025 0.734013 -0.817834 
## 输出层的阀值矩阵 ##
-0.856104 