36 	64 	1 
-38.9388  -27.3239  -18.8989  -27.0688  -53.4321  -42.4347  29.9939  129.253  169.433  88.7422  115.81  314.716  295.352  108.278  108.817  56.4534  -222.921  -298.324  -63.1303  21.167  -182.291  -283.595  -132.956  -40.7627  -81.0983  -58.424  -19.4851  -37.0856  -42.4482  -26.6564  -10.0452  -7.11104  -23.8513  -33.8944  -19.9278  -0.465842  -5.85726  5.04018  119.686  222.841  150.622  127.77  223.839  134.668  62.1054  173.266  40.9018  -182.882  -85.6657  -15.2964  -100.412  -45.2107  27.8477  44.9957  53.4062  -67.995  -134.911  -56.9535  -94.6453  -159.068  -62.5425  13.0805  -18.217  -17.817  0.9 
19.8109  32.9879  16.087  34.6723  -5.61203  -131.367  -1.63916  376.563  423.182  148.805  59.7961  43.6005  -113.367  -161.088  -7.1509  161.611  86.6931  -243.894  -283.532  112.916  262.012  15.8914  -115.729  -61.366  -59.1445  -120.626  -58.0984  91.997  60.3976  -26.1348  -22.4283  -125.011  -137.581  84.6557  140.917  22.4486  -36.9183  -51.7307  22.1937  6.03954  -95.4738  33.2861  55.8839  -97.7531  32.3831  56.0308  -143.13  0.0416746  101.361  -74.3851  17.5082  111.455  -38.8308  -5.61003  21.9453  -93.6616  50.5186  145.283  -120.084  -139.366  132.391  49.8921  -121.095  105.749  -0.9 
-60.066  -60.2389  6.00538  0.0789888  23.5301  28.0143  -57.2607  -114.073  -91.8046  -37.9745  -5.42526  -1.97015  7.56229  9.98809  5.05539  14.4524  22.9936  23.4752  19.2935  18.7139  26.5243  26.1222  16.7041  13.8604  14.7372  11.3646  10.8136  14.6188  9.44089  -1.51938  1.00385  10.534  3.88537  -11.7375  -13.6648  -6.91044  -4.59502  -2.97874  -3.38884  -9.87804  -11.8946  -7.13564  -6.75657  -10.987  -13.0705  -9.9434  -4.86782  -4.68611  -2.82772  4.185  0.333327  -12.4987  -14.5472  -5.87365  3.89571  8.92977  4.62514  0.674006  6.87579  11.6375  6.66627  3.4802  8.45572  10.1916  -0.9 
-15.361  -23.5464  -43.7077  -15.0198  5.80076  -26.2354  35.9921  132.393  105.378  52.7557  8.09202  9.93546  199.033  371.946  317.087  223.948  70.2089  -255.167  -369.087  -166.124  -108.629  -235.088  -197.726  -58.8526  -47.4132  -74.6538  -50.1872  -40.6472  -49.7213  -45.406  -17.7694  3.2514  -23.5507  -28.0452  14.12  -10.6303  27.2157  263.233  301.202  77.6033  147.098  316.201  117.327  6.57872  108.922  -79.5927  -242.741  13.79  149.92  -78.7087  -213.423  -145.592  -110.895  -99.3281  -46.4393  -26.0327  -36.0798  -21.3738  -4.54785  -3.33158  -2.25728  3.89566  15.0155  15.7247  0.9 
-28.1827  7.34059  -37.5452  -33.414  52.5296  -11.5968  -80.004  92.4392  234.899  273.318  337.63  227.112  13.4224  -68.4872  -83.5583  0.62881  70.7883  -104.245  -195.771  -18.4121  -19.4106  -202.569  -80.3194  183.014  86.1944  -81.4679  5.99931  -62.2297  -213.352  -28.0027  124.772  31.9995  25.3236  34.1939  -70.9968  -73.0167  23.8633  -6.22239  -100.831  7.51502  149.479  -22.1069  -157.911  22.7962  100.19  10.2409  -2.31957  -29.4243  -60.2239  -12.3488  14.6057  38.9463  71.9511  31.4367  -14.6306  -30.3197  -36.3539  5.94986  27.7513  -19.4925  -38.3181  54.1255  118.145  -51.2574  -0.9 
-47.296  -45.3818  -40.1791  3.74075  27.3575  22.4925  96.5486  152.925  2.91948  -34.0572  253.451  275.232  55.8015  299.637  489.508  -21.132  -409.246  -159.055  89.6567  -45.2977  -317.822  -368.131  -176.817  -83.5904  -111.942  -68.2385  -34.5224  -48.589  -44.2222  -26.7348  -6.85011  -10.7049  -7.50107  -9.20224  -33.0761  23.4244  82.467  102.602  189.4  198.309  169.079  266.637  212.772  24.1183  36.2539  -20.3753  -254.583  -155.51  197.121  249.304  14.5749  -133.259  -122.686  -162.49  -221.159  -129.467  -19.8934  -20.8835  -32.306  -11.2378  -11.5315  -24.0048  -14.2936  2.06791  0.9 
4.71788  -67.8285  -4.35046  66.6301  -12.2204  -67.529  44.9545  204.027  226.52  121.706  38.6307  -11.6592  -10.7881  78.061  15.2445  -182.438  -110.708  78.2147  22.1284  -29.5077  48.0634  -53.1058  -278.242  -172.015  280.549  354.333  -206.664  -462.098  74.487  486.154  169.471  -245.511  -225.519  -55.0573  -4.73881  84.6736  186.698  86.3853  -46.4536  -81.122  -145.57  -59.5787  187.509  180.338  -27.7049  -107.183  -63.8764  -63.4078  -218.096  -173.133  259.795  361.164  65.5189  3.7318  -106.783  -332.743  -95.2649  248.505  146.378  -48.3291  -50.6777  -61.4863  -118.049  -61.8723  -0.9 
-19.2399  57.6412  67.4491  -30.9349  -31.3125  73.7265  5.9163  -143.495  -48.4421  159.486  112.413  -105.457  -130.087  3.52488  27.0324  -18.1394  -7.18284  2.10897  -0.705619  13.89  7.53914  -6.82543  2.32489  8.8085  2.55296  2.06289  6.32716  7.64825  8.16995  1.96895  -8.73666  -7.29397  -1.04969  -7.07998  -19.552  -25.951  -21.2039  -11.2665  -5.89116  -3.28515  -0.750249  0.326415  4.23877  12.3166  17.2114  12.8847  5.73098  6.1855  6.42788  2.09213  6.83309  10.5167  0.125306  -5.72578  -5.61262  -10.3179  -8.96815  -2.65681  -1.9648  -3.13993  -2.98841  0.588615  8.80633  15.8481  -0.9 
-27.5217  -25.8091  -28.5232  -20.2557  -22.6357  -13.3477  90.6277  152.07  32.1367  -50.044  -15.5712  -50.8788  -24.736  225.42  406.219  318.42  152.565  -28.7946  -203.702  -97.7173  171.812  92.1102  -211.433  -276.321  -219.158  -217.917  -146.496  -58.338  -50.0091  -49.4558  -41.0504  -37.8691  -26.0312  -26.2429  -35.3996  -22.4179  -11.311  -13.5675  2.7599  15.6141  123.521  347.516  337.344  135.541  129.895  156.686  28.4347  -116.887  -140.224  118.224  262.288  -71.1822  -168.207  70.1533  -124.762  -365.179  -156.495  -26.9804  -74.2267  -27.9318  -5.15791  -17.9956  4.22677  4.24795  0.9 
-58.5535  -40.297  -18.2191  10.3716  61.2609  26.7465  -15.141  123.074  228.407  137.321  116.491  137.506  9.32184  -62.2474  -23.3909  -25.8818  -26.9505  -28.2949  -32.2763  4.67005  1.538  -27.6855  -51.5548  -84.7698  -7.68624  94.9446  7.54987  -116.648  -25.6799  105.939  -31.9764  -150.891  32.7749  61.1324  -98.8182  5.61697  86.7055  -43.0239  -0.108516  77.4074  -7.6198  -50.8507  -98.717  -91.0293  96.6646  125.682  -41.3329  -48.8203  8.99754  -46.6765  15.0518  141.777  -50.5914  -238.778  55.5274  244.669  -34.4178  -91.8201  104.26  13.4275  -124.522  -41.3424  54.9929  74.3395  -0.9 
-41.6309  -18.6434  -12.8412  3.79276  89.9249  33.0529  -5.15557  288.897  244.96  -147.468  244.032  778.928  276.759  -248.56  -103.616  -108.383  -316.778  -312.026  -232.14  -153.245  -89.1664  -88.0691  -70.4555  -54.5697  -63.0404  -47.986  -35.8196  -45.2732  -43.5869  -29.1283  -33.7334  -20.3538  16.3553  -11.0286  63.4968  378.114  425.55  -24.6627  -168.39  245.982  357.903  45.9599  -80.7101  -44.998  -1.37316  84.4509  19.4996  -107.423  -78.4138  -128.588  -251.405  -125.204  45.6628  -21.581  -99.5717  -36.4954  12.1905  -2.42778  -2.64046  9.50881  12.8066  19.6965  15.9695  5.47145  0.9 
-57.7276  -58.9164  -9.91649  20.403  -34.2725  -26.5593  70.6488  105.387  95.2258  52.3291  9.20304  107.761  162.249  47.8054  78.419  149.978  -53.8308  -197.738  -42.8137  80.8176  8.99382  -71.0535  -39.0671  11.0336  -89.0922  -319.269  -203.654  373.612  451.581  -183.995  -319.695  104.253  69.7567  -143.146  -89.9603  -200.047  -141.945  371.151  418.874  -86.4963  -176.75  45.0897  -52.1005  -168.729  19.4303  136.704  4.76861  -32.6012  118.222  108.525  -100.938  -144.892  23.9978  109.699  -81.147  -379.065  -220.872  343.317  405.677  -3.94436  -73.7534  -11.4536  -190.895  -157.113  -0.9 
-46.9909  -63.2275  -52.1756  -34.2593  -50.3454  -24.7642  80.5598  139.203  20.4141  -128.622  -6.34209  226.629  178.427  65.3098  178.789  200.649  6.09492  -110.618  -138.782  -109.747  68.1167  98.4909  -114.317  -44.3285  181.716  -37.0836  -229.492  91.856  209.978  -148.877  -230.556  89.3264  184.966  -57.3304  -200.03  -71.8721  59.6755  25.7259  -38.6526  -59.409  -48.5443  30.9179  45.6222  -65.9622  -4.08037  193.15  91.6269  -170.764  -142.905  58.5975  64.534  -63.6753  -8.20672  116.851  18.2581  -56.3563  2.46664  -81.6439  -60.1792  140.639  29.7114  -172.009  -14.9879  167.698  -0.9 
-7.65488  -7.98047  7.27524  0.174563  -3.6798  -54.5386  -63.8411  155.923  330.714  334.768  439.266  333.093  -146.099  -275.461  15.1817  39.6043  -182.53  -267.83  -223.353  -166.388  -130.304  -98.3141  -73.8731  -75.6924  -72.0742  -54.5336  -41.8066  -39.46  -38.4337  -34.9668  -40.362  -32.9642  14.8576  137.572  272.716  260.004  202.17  257.295  237.176  30.4468  -85.2519  66.9297  191.154  50.003  -104.982  -130.391  -210.539  -254.737  -135.38  -81.4146  -102.117  -42.8297  -9.68392  -22.607  -8.23743  -4.7366  -4.485  9.82709  16.6814  18.7471  17.2117  18.6625  26.339  23.1243  0.9 
-44.7919  -30.6513  8.99886  -10.0827  -60.3261  -21.8191  90.0643  105.461  16.665  89.3741  264.638  165.513  -28.271  47.2065  138.812  26.2605  -66.5047  -39.384  29.7655  40.3922  -80.9978  -128.562  37.2898  155.08  -4.97246  -230.825  -86.9687  164.58  -46.3106  -217.355  77.3545  135.985  -151.826  -119.93  114.296  66.0393  -77.8197  5.53017  75.98  -78.7785  -150.308  -35.5221  66.9931  138.164  27.8156  -167.366  21.9359  222.874  -58.2392  -230.108  -24.168  65.07  12.6879  17.3909  9.51608  6.5618  -14.5259  -87.2688  -6.15198  95.5446  -11.7484  -2.41526  57.9269  -96.1417  -0.9 
62.4494  12.033  37.5404  72.6545  58.6535  35.5807  -59.9295  -131.847  6.85363  186.737  217.623  154.201  54.5378  19.4106  37.6632  -95.6191  -235.683  -138.642  -47.1528  -102.617  -100.459  -35.9216  -27.168  -42.2815  -34.6312  -23.8609  -17.456  -9.77279  -9.26304  -16.8691  -25.068  -23.1187  -28.3422  -48.1569  17.3436  141.673  102.679  15.7601  122.369  185.924  77.0453  52.7436  167.335  281.446  232.977  -24.0868  -244.76  -285.166  -212.978  -45.7616  62.2574  -18.5672  -108.831  -111.905  -84.5721  -39.7018  -23.5466  -22.2214  3.2003  11.6218  9.85634  16.2486  15.2618  18.0658  0.9 
-21.076  -47.0885  -25.5309  11.3  -41.0796  -72.2098  52.359  108.742  5.8517  82.3797  241.415  124.773  20.2146  69.1483  5.99227  24.1422  109.799  -54.3449  -156.562  -21.5196  10.0043  -94.8085  -182.189  -96.3009  229.984  302.922  -95.4218  -260.572  -17.9602  22.972  -114.291  -43.3925  71.9928  56.693  80.4545  84.9323  -31.9499  -114.071  -134.454  -21.6719  182.614  72.6132  -132.276  60.38  139.185  -144.872  -88.0144  145.856  -18.4189  -116.356  82.6601  98.8114  -75.5527  -86.603  68.3561  61.3024  -135.998  -131.092  41.379  52.2452  20.8123  32.7973  -8.1201  5.88738  -0.9 
34.3638  68.9246  47.767  75.812  84.2114  -0.834679  30.0672  346.141  629.487  392.66  -131.182  -215.444  34.6888  -39.6692  -307.081  -310.113  -177.234  -130.491  -121.492  -105.658  -79.2491  -53.185  -58.7675  -66.6983  -53.8562  -46.5597  -35.2596  -20.7992  -23.4084  -25.108  -28.4807  -12.2279  16.6187  -12.6533  64.8198  294.379  256.503  -2.88717  11.3926  139.21  142.63  266.995  320.807  40.8729  -138.893  -11.436  92.9337  47.5537  -76.0964  -218.95  -257.994  -171.278  -107.735  -107.557  -78.0192  -24.4983  -11.932  -14.9377  4.43367  8.9591  -3.02616  6.48006  17.2024  14.4477  0.9 
24.9651  26.6641  -28.7666  -56.6841  14.4652  37.6067  21.9514  189.488  364.513  231.614  -29.1974  -88.4975  44.3338  47.7962  -159.374  -169.5  21.7574  39.4025  -0.25203  9.02031  -35.0602  8.31005  44.7761  -97.2841  -116.776  75.7018  152.537  -31.1274  -282.772  -171.771  204.482  162.517  -139.611  -46.1856  181.238  22.6902  -232.872  -89.8464  184.613  135.286  -25.5958  -64.9831  -55.119  46.2253  89.8363  -40.2226  -68.7801  -55.5969  -63.3954  128.345  123.246  -151.129  -74.1299  74.8986  -56.2275  -71.708  -16.7649  13.4963  115.539  30.2963  -65.3478  96.617  89.733  -131.682  -0.9 
-32.6715  -17.7964  3.50576  48.2659  121.106  63.8713  28.8774  294.617  277.437  -19.7784  389.703  760.546  42.2454  -530.781  -228.201  54.1607  51.6058  -121.411  -376.068  -304.585  -107.761  -134.317  -125.865  -46.3461  -48.7967  -58.1844  -46.4492  -35.9035  -25.8963  -27.4699  -23.8181  -22.296  -43.7583  -22.9573  9.54481  -52.6452  47.6691  380.729  315.189  -95.256  -50.7418  240.034  271.528  209.878  41.8463  -55.7312  148.107  125.604  -109.714  -60.3692  -97.8278  -281.992  -111.341  70.3521  -69.1671  -158.058  -107.609  -66.3698  -28.3442  -13.7893  -24.2982  -19.3325  2.82257  17.7776  0.9 
-13.4364  -12.5383  -53.8793  -55.0892  24.5739  56.8924  14.7295  132.065  285.857  146.274  -51.5857  -90.9376  -69.2311  108.278  220.912  -47.8763  -221.611  -30.2646  46.1718  -43.393  18.1844  90.8711  -58.1077  -202.009  -24.2209  198.905  22.9226  -195.377  -38.1667  68.4896  -53.7638  -25.487  77.6662  30.4882  -41.7596  -34.4456  22.7646  9.05111  -77.7616  -48.4708  57.2392  95.7959  24.3887  -85.3318  52.6503  159.994  -160.799  -195.914  152.004  45.3568  -84.2111  122.359  8.6264  -134.183  60.5095  46.1311  -56.4951  73.2292  -38.3658  -255.246  26.3381  298.875  37.4996  -165.801  -0.9 
-44.165  -8.87265  6.12566  -12.3064  25.7311  83.4472  11.2626  -114.988  -94.0729  24.6408  42.5757  -27.4465  -27.5939  16.1332  6.4795  -7.73892  5.39806  6.88332  1.39487  5.66122  10.2162  7.78284  4.39057  6.12355  6.08923  2.89741  5.38197  7.75974  4.4207  -1.703  -8.61082  -1.49711  9.06647  -9.93385  -28.0396  -10.3054  3.58535  -3.86677  -6.57741  -6.99306  -6.49013  0.431785  -1.0051  -2.01243  9.05933  10.487  7.43977  14.0975  7.01544  -8.28738  -3.99022  -0.367566  -11.1569  -7.80442  8.83079  10.1532  -2.37582  -9.42868  -7.29941  -5.29254  -6.20259  -4.27091  2.18675  7.6885  -0.9 
-38.8621  -43.9967  -37.234  -9.58739  -7.6596  -42.0514  11.0182  121.566  77.7909  -30.9022  9.64606  99.782  121.453  134.833  120.982  6.29194  -84.1256  -53.5771  -98.809  -140.481  109.324  213.86  -138.995  -247.528  57.0144  117.399  -27.94  -19.1798  19.297  30.9433  34.7959  -70.5451  -104.016  68.7776  134.49  -8.37353  -63.89  -8.37069  -18.6257  -19.362  64.3649  96.9082  3.94821  -76.4905  -26.843  23.1826  -13.1843  -13.2946  43.0003  32.7576  -89.7266  -124.965  40.7211  71.4856  -64.0999  7.62274  71.3165  -50.954  16.2027  77.5552  -128.266  -146.032  27.4723  39.5051  -0.9 
-27.7569  -22.6152  -30.4582  37.7616  75.6292  54.1287  70.0438  119.127  229.755  163.683  -5.40917  383.803  695.748  23.2155  -455.573  -91.618  7.67676  -191.115  -156.514  -186.107  -227.758  -113.087  -76.2545  -82.0916  -49.785  -48.6634  -47.7938  -44.1339  -45.4093  -32.3476  -27.1654  -28.8764  -32.4602  -34.1333  -10.3776  -7.09745  -23.5552  77.3256  227.02  157.707  -42.1489  -30.803  138.672  207.292  224.845  206.901  55.2335  11.1062  91.8813  -99.8786  -290.17  -31.0295  192.437  27.7244  -150.222  -175.885  -127.336  -49.0786  -50.0596  -74.7417  -24.3668  3.21341  -14.4316  -9.07173  0.9 
-54.8232  -45.2241  37.1064  99.9455  74.0432  3.69897  -37.2117  -57.0844  -14.0195  60.673  32.1532  -49.7093  -62.1801  -38.94  -16.7068  3.91682  -5.58373  -15.5575  -0.36507  4.04096  -1.95065  -2.06051  -3.31849  -1.77205  3.5632  6.79176  7.45202  3.10697  -0.69636  4.66777  10.8089  8.33328  2.64561  1.19973  6.45376  9.76682  1.39139  -6.93857  -7.57092  -8.94553  -7.29959  -3.19064  -6.60786  -10.1439  -7.10339  -4.49197  -5.71143  -7.5881  -5.85412  0.109946  5.71006  6.51668  6.22228  9.32032  8.95861  3.32506  2.89353  6.36695  1.38132  -8.61027  -7.4102  2.08953  1.08759  -6.6558  -0.9 
-25.2483  -27.4861  -17.7454  4.17501  -23.1697  -79.906  -0.00936102  145.318  121.071  71.7594  211.353  290.048  104.668  -87.1356  -27.0079  140.851  75.6071  -181.629  -225.657  4.77973  128.875  1.81624  -66.4125  63.3793  84.2432  -148.526  -274.88  -53.3521  145.545  1.14679  -149.591  4.03631  144.985  32.9291  -100.964  -125.204  -38.9058  104.524  71.6777  -81.7307  -65.8478  34.3377  27.9965  -4.72898  -34.5093  -77.4644  -0.675864  114.701  38.2564  -51.6096  55.3561  68.6827  -74.7448  -70.184  -8.40087  38.8596  99.5921  -6.86258  -51.6076  74.2118  26.8096  -69.0423  -32.559  37.2068  -0.9 
-38.2957  -37.1895  -42.1081  -32.6972  -19.363  0.234807  96.8299  180.749  74.8087  -47.0047  169.413  412.341  40.2299  -256.699  414.129  710.774  -214.265  -536.362  100.452  56.0433  -333.453  -168.752  -92.6503  -215.201  -100.139  -18.4427  -70.3057  -43.8901  -17.6655  -47.1557  -58.1942  -38.9041  -12.4591  -24.7545  -32.9957  12.6079  -18.679  -49.8206  148.82  259.709  -2.42121  -167.584  -42.7536  -13.7592  6.63273  189.282  250.179  227.12  256.805  124.992  -34.8368  20.2938  7.08407  -168.677  -146.871  54.5411  79.8433  -92.6633  -205.938  -148.814  -65.8641  -61.0748  -54.3812  -20.6232  0.9 
-26.7196  -25.9147  -29.481  -36.3917  -42.9527  -72.073  -31.0841  149  238.374  78.4718  -30.3518  131.335  261.635  126.491  -34.8422  5.68092  85.0541  5.3723  -75.6208  -17.531  -21.4951  -131.72  -93.4971  37.8591  26.943  -15.3777  18.5199  7.20144  -109.958  -176.748  29.2755  228.39  27.734  -171.667  -32.9249  64.1289  -12.9789  -49.2883  -49.8499  -53.5957  3.13716  98.0666  67.8717  -76.3643  -69.4829  41.6288  15.1234  -66.7962  -33.7699  104.271  117.174  -92.9226  -135.062  80.3373  78.0332  -127.063  -119.856  83.3457  175.475  18.5313  -115.095  11.5196  109.26  13.1603  -0.9 
52.5931  -14.6149  23.5774  75.7988  -1.76334  -8.63799  -14.6017  -100.446  -31.9404  51.4039  -28.061  -1.57632  144.503  133.261  -35.7066  -110.968  22.6309  86.4279  -48.4501  -55.4445  54.15  22.6219  -5.00372  20.3989  -32.7321  -40.015  6.44445  -29.674  -54.5515  -9.24632  3.88864  -7.95155  -1.21367  -8.93269  -19.5841  -8.5037  3.17539  1.87831  -4.84431  -2.36826  5.97873  8.56138  8.52581  6.79942  2.90564  -0.558086  -1.22202  1.38735  2.13334  4.71527  9.48875  3.23595  -5.63358  -1.64083  3.96074  2.16469  -2.06921  -8.14273  -11.8297  -8.24722  -3.45099  0.357047  3.8387  1.54028  -0.9 
-41.3879  -46.7636  -41.4162  -22.502  4.97673  39.2063  107.795  140.336  27.6656  105.05  367.302  114.921  -56.9335  597.037  603.512  -305.297  -282.722  136.75  -248.106  -312.856  12.4801  -185.964  -220.073  71.0365  -44.0113  -236.951  -159.706  -102.102  -80.8707  -38.1701  -32.3104  -18.4544  -12.0648  -26.9577  -21.1811  -19.2598  -23.9015  -22.7372  -12.944  21.8034  14.8696  16.7472  203.598  346.502  161.18  -47.0389  14.4931  212.622  307.062  143.455  -78.4423  -82.3372  -25.5783  -41.6475  3.21127  51.7112  -32.9052  -163.844  -196.319  -120.531  -60.095  -56.0188  -42.1593  -35.1584  0.9 
-18.1939  4.64065  15.4839  17.0834  44.6377  57.8678  52.2949  143.993  229.597  181.681  123.225  55.9166  -42.146  -76.7562  -52.2496  16.6543  31.0412  -80.2254  -79.3075  55.9576  21.7803  -99.5072  -84.2059  -35.8325  -17.9718  35.3993  89.9109  -8.46444  -176.742  -102.687  83.0076  92.549  -15.7435  -104.927  -52.4006  47.2993  -0.899168  -63.3071  -41.6489  6.88759  133.583  119.034  -132.482  -100.917  135.65  1.66207  -184.522  -6.73052  162.616  46.4467  -86.5007  -21.2492  54.7537  -25.5268  -59.3983  51.0606  41.0921  -43.3978  43.7147  71.3691  -82.8082  -116.738  21.6822  111.715  -0.9 
43.42  -49.9448  -14.2221  22.8818  14.6821  55.5878  -13.1524  -105.06  38.6117  107.54  -42.0559  -77.524  2.47428  81.4419  60.7846  -107.637  -60.1124  134.951  24.5381  -83.2265  59.6498  54.5032  -82.4818  -20.0547  116.781  47.7966  -114.005  -53.3591  119.948  68.905  -69.5685  -60.1844  -38.6599  -43.9804  22.3719  45.1752  -35.4063  -61.0464  -0.188567  16.4102  -14.7976  -15.0549  -0.0262585  2.04125  -2.23064  -10.0084  -9.77546  -1.1682  3.6722  2.84222  3.25852  7.42899  6.12768  4.6874  10.8744  9.49618  4.66634  9.15217  4.89543  -5.09846  1.00125  5.09799  -4.45757  -5.78332  -0.9 
-34.8892  -43.9141  -44.2439  -36.0552  -19.9838  -19.2423  21.1329  158.972  145.898  7.44175  154.162  237.424  19.1331  267.267  648.343  162.546  -338.296  -35.7616  157.203  -127.983  -259.066  -136.345  -55.3192  -130.484  -252.033  -227.224  -110.567  -62.5056  -57.6519  -44.2239  -39.5414  -39.641  -28.0696  -20.1512  -24.2883  -19.621  -16.8638  -31.9862  -26.6312  -9.05654  -35.1364  -0.912855  167.535  252.874  166.393  66.8865  -2.84575  -18.5228  94.8106  268.479  267.069  33.5845  -54.5626  94.7407  54.1915  -138.03  -165.933  -94.7386  35.5863  74.3155  -139.747  -200.6  -30.5735  -45.4437  0.9 
-26.9776  -39.165  -56.182  -83.6988  -64.4651  -32.7537  -10.5023  114.099  253.022  213.416  161.002  255.436  195.902  -108.041  -234.179  -122.745  -19.6336  146.148  190.262  -74.6211  -133.302  32.7476  -17.8209  -2.15148  58.8788  -177.282  -217.176  104.309  179.064  -46.539  -167.506  -48.4978  113.273  59.2097  -128.122  -146.998  106.452  280.183  11.0524  -274.828  -127.953  83.7286  87.1511  26.5612  -75.6156  -113.739  36.851  89.5865  -97.3051  -91.2585  181.421  155.933  -149.843  -176.359  26.8421  110.796  32.1274  -82.165  -25.9531  103.645  8.20397  -109.133  9.47628  112.25  -0.9 
-33.8773  -27.241  -50.9301  -3.33904  36.0844  44.1213  107.502  151.384  236.767  179.728  -23.7319  378.852  791.264  118.993  -350.854  31.5567  -96.1411  -379.919  -120.082  -179.454  -273.071  73.1728  8.32374  -309.644  -181.451  -15.5386  -77.0045  -74.5093  -27.3926  -42.2631  -38.5454  -21.8961  -30.1134  -29.2726  -19.7345  -24.3208  -32.3498  -10.6433  -1.92304  -40.0359  61.2968  286.662  238.847  -14.6225  3.43763  199.817  180.285  57.2609  146.167  297.569  186.937  -31.4439  -85.3441  -59.096  -31.5189  -45.3091  -148.215  -107.231  67.0933  -17.6492  -238.25  -204.199  -53.354  -36.8587  0.9 
-16.7872  -4.86656  -38.5351  -34.6381  13.7208  -68.4393  -92.9788  132.501  225.178  159.645  268.252  266.486  8.59014  -83.2701  16.9598  39.9707  -59.1055  -165.635  -57.1905  106.048  -29.3941  -142.629  -17.4575  -15.5012  -39.3601  59.6788  -39.2054  -125.967  87.5698  117.864  -110.773  -130.866  -17.4957  44.7301  99.6048  52.2626  -74.7404  -88.6678  29.6066  94.7582  10.3625  -44.7366  17.7307  33.1456  35.8659  56.0733  -97.7063  -121.452  153.218  111.201  -119.019  -27.8266  -27.339  -121.18  73.4003  141.408  -37.9851  -45.413  -28.2632  -95.9801  37.0153  116.638  -27.0656  -5.63297  -0.9 
