## 样本的输入层的数目: ##
3
## 样本的隐含层的数目: ##
20
## 样本的输出层的数目: ##
1
## 训练网络所采用的神经网络算法: ##
0
## 网络中使用的函数的索引值: ##
2
## 输入层到隐含层的权值矩阵 ##
-1.55842 0.128601 -0.883141 
1.59859 0.171777 -0.329689 
-0.745108 0.738392 0.471557 
0.236279 -1.97563 2.25819 
0.375284 0.144681 -0.302156 
-1.24425 -2.47941 -0.31325 
-1.1127 -2.12553 3.26236 
0.068804 -1.01024 -0.927948 
-1.11314 0.33078 -0.145292 
0.209913 -0.195529 0.0549389 
-1.19428 1.04645 -0.458623 
-0.407895 -3.09961 0.640447 
0.121815 1.09004 0.240781 
-0.27211 1.16932 0.705272 
1.12358 0.788686 0.0162868 
-1.34496 -0.175253 -0.229397 
-0.611978 -0.246681 0.3465 
0.72198 0.943719 0.976877 
0.182558 -0.169086 -1.02082 
-0.0319408 0.867345 -0.822933 
## 隐含层的阀值矩阵 ##
0.0552281 
-2.32814 
-0.0396643 
-0.910347 
-1.09422 
2.33945 
-3.36076 
-0.246756 
0.354667 
0.536994 
1.61004 
0.894998 
-0.218418 
-0.487215 
0.365999 
0.959167 
-0.224249 
0.893306 
0.524889 
-0.993649 
## 隐含层到输出层的权值矩阵 ##
1.32727 1.50478 1.09886 1.46324 -0.751547 -2.27073 -4.46778 -0.99359 -0.356925 1.24778 -1.71509 3.031 0.912292 0.494023 -0.534998 1.58983 0.895287 -0.543689 0.781035 -0.525201 
## 输出层的阀值矩阵 ##
-0.386064 